layout_spectrum: 1
color:
  saturation: 0.17884
  brandStrength: 0.5021151
  lightness: 0.689044
  rhythmicContrast: 0.1111708
typography_spectrum: 0.6654136
name: Unexpected
